10000000	514	799	540	1108	1332	1114	1092	1273	1659	1729	1473	2379	2663	2263	1893	2095	1261	1904	690	1152	3879	3035	2561	2248	2013	3358	2735
514	10000000	393	652	594	818	600	1204	867	1145	1323	1585	1865	2257	1857	2005	1581	747	1390	1204	1666	3365	2808	2673	2360	2125	3470	2847
799	393	10000000	259	987	963	745	811	474	1290	930	1192	2010	1864	1464	1612	1974	1140	1783	1489	1326	3510	2415	2280	1967	1732	3077	2454
540	652	259	10000000	1246	1222	1004	552	733	1549	1189	933	2269	2123	1723	1353	2233	1399	2042	1230	1067	3704	2495	2021	1708	1473	2818	2195
1108	594	987	1246	10000000	507	725	1588	996	834	1356	1969	1554	2290	1890	2266	1556	1341	796	1798	2260	3054	2841	2934	2744	2509	3854	3231
1332	818	963	1222	507	10000000	218	1081	489	327	849	1462	1047	1783	1383	1759	2063	1565	1303	2022	2289	2547	2334	2427	2237	2002	3347	2724
1114	600	745	1004	725	218	10000000	863	271	545	727	1244	1265	1661	1261	1637	2181	1347	1521	1804	2071	2765	2212	2305	2019	1784	3129	2506
1092	1204	811	552	1588	1081	863	10000000	592	1408	1048	381	2128	1577	1177	801	2785	1951	2384	1782	1619	3152	1943	1469	1156	921	2266	1643
1273	867	474	733	996	489	271	592	10000000	816	456	973	1536	1390	990	1366	2448	1614	1792	1963	1800	3036	1941	2034	1748	1513	2858	2235
1659	1145	1290	1549	834	327	545	1408	816	10000000	522	1279	720	1456	1056	1432	2390	1892	1630	2349	2616	2220	2007	2100	2054	1819	3164	2541
1729	1323	930	1189	1356	849	727	1048	456	522	10000000	757	1242	934	534	910	2904	2070	2152	2419	2256	2694	1485	1578	1532	1297	2642	2019
1473	1585	1192	933	1969	1462	1244	381	973	1279	757	10000000	1979	1196	796	420	3166	2332	2765	2163	2000	2771	1562	1088	775	540	1885	1262
2379	1865	2010	2269	1554	1047	1265	2128	1536	720	1242	1979	10000000	783	1183	1559	3110	2612	2350	3069	3336	1500	1334	1808	2627	2519	3840	3241
2663	2257	1864	2123	2290	1783	1661	1577	1390	1456	934	1196	783	10000000	400	776	3838	3004	3086	3353	3190	1760	551	1025	1844	1736	3057	2458
2263	1857	1464	1723	1890	1383	1261	1177	990	1056	534	796	1183	400	10000000	376	3438	2604	2686	2953	2790	2160	951	1044	1571	1336	2681	2058
1893	2005	1612	1353	2266	1759	1637	801	1366	1432	910	420	1559	776	376	10000000	3586	2752	3062	2583	2420	2351	1142	668	1195	960	2305	1682
2095	1581	1974	2233	1556	2063	2181	2785	2448	2390	2904	3166	3110	3838	3438	3586	10000000	834	760	2785	3247	4610	4389	4254	3941	3706	5051	4428
1261	747	1140	1399	1341	1565	1347	1951	1614	1892	2070	2332	2612	3004	2604	2752	834	10000000	1594	1951	2413	4112	3555	3420	3107	2872	4217	3594
1904	1390	1783	2042	796	1303	1521	2384	1792	1630	2152	2765	2350	3086	2686	3062	760	1594	10000000	2594	3056	3850	3637	3730	3540	3305	4650	4027
690	1204	1489	1230	1798	2022	1804	1782	1963	2349	2419	2163	3069	3353	2953	2583	2785	1951	2594	10000000	462	4569	3725	3251	2938	2703	4048	3425
1152	1666	1326	1067	2260	2289	2071	1619	1800	2616	2256	2000	3336	3190	2790	2420	3247	2413	3056	462	10000000	4771	3562	3088	2775	2540	3885	3262
3879	3365	3510	3704	3054	2547	2765	3152	3036	2220	2694	2771	1500	1760	2160	2351	4610	4112	3850	4569	4771	10000000	1209	1683	2502	3311	3715	4033
3035	2808	2415	2495	2841	2334	2212	1943	1941	2007	1485	1562	1334	551	951	1142	4389	3555	3637	3725	3562	1209	10000000	474	1293	2102	2506	2824
2561	2673	2280	2021	2934	2427	2305	1469	2034	2100	1578	1088	1808	1025	1044	668	4254	3420	3730	3251	3088	1683	474	10000000	819	1628	2032	2350
2248	2360	1967	1708	2744	2237	2019	1156	1748	2054	1532	775	2627	1844	1571	1195	3941	3107	3540	2938	2775	2502	1293	819	10000000	1315	1213	1836
2013	2125	1732	1473	2509	2002	1784	921	1513	1819	1297	540	2519	1736	1336	960	3706	2872	3305	2703	2540	3311	2102	1628	1315	10000000	1345	722
3358	3470	3077	2818	3854	3347	3129	2266	2858	3164	2642	1885	3840	3057	2681	2305	5051	4217	4650	4048	3885	3715	2506	2032	1213	1345	10000000	623
2735	2847	2454	2195	3231	2724	2506	1643	2235	2541	2019	1262	3241	2458	2058	1682	4428	3594	4027	3425	3262	4033	2824	2350	1836	722	623	10000000
